72044
90714
121091
97036
49907
76624
76146
136507
49715
99182
226454
94280
53181
144411
66552
28841
44688
126564
105841
113957
39172
94374
48793
46130
127702
119424
67906
41601
125896
97572
96479
140478
63757
88091
53365
52716
98631
87207
138800
175461
125218
130783
20531
110772
128196
79451
79317
44015
88194
42474
109602
8709
92540
62423
70753
10766
137121
82194
22229
113919
118079
75583
213527
102841
87995
73111
37412
92806
79882
56444
71352
41852
43945
150208
142644
101688
20558
82694
12705
47201
48276
43817
116791
37185
54298
79714
150911
95462
74136
58167
61647
77271
148269
68820
16710
121365
108527
70275
106818
23216
99218
80687
74741
50710
112907
87154
28148
45812
112893
21430
80651
91501
98435
160620
49557
22783
105707
92038
120241
16096
100087
70069
80124
69122
112624
125647
95024
107174
