4499660
19876077
9050944
7700000
18266056
15303862
18029176
359748
11374054
648570
13684306
16133850
630240
16883100
606190
309504
610000
13351902
16910000
5738852
1263523
11857894
9630353
2847591
13252044
13288050
2809566
9218973
7791125
19440540
6403152
6609339
9372510
11104401
15014820
2238432
16625024
18387120
1403373
17661488
8206848
3986800
4681558
13100580
19476104
3632845
19327081
16003596
15371532
15088846
13513896
11745300
6169635
17694061
13343325
11764062
4899510
16400800
3114384
13240000
14035211
15489866
4596780
725775
645840
13107378
2065860
1259874
19255932
